0 0.9983626296 0.0567468791 0.0072008068 -0.0000000000 -0.0173724101 0.1808558894 0.9833561647 -0.0000000000 0.0545000851 -0.9818711417 0.1815455914 -0.0000000000 1413304199.30747 
1 0.9999557188 -0.0094106473 -0.0000099568 -0.0202702176 0.0017286718 0.1826448190 0.9831774417 -0.0014623468 -0.0092505176 -0.9831339226 0.1826529992 0.0312471711 1413304199.47416 
2 0.9960092732 -0.0886517309 -0.0103149522 -0.0397477396 0.0213064503 0.1239499057 0.9920597039 -0.0185971083 -0.0866692726 -0.9883204397 0.1253441091 0.0664642289 1413304199.64086 
3 0.9884709997 -0.1499575540 -0.0209240244 -0.0501092059 0.0240278381 0.0189159032 0.9995323164 -0.0563610693 -0.1494916245 -0.9885114671 0.0223009776 0.1040858012 1413304199.80755 
4 0.9817432906 -0.1838248437 -0.0488726726 -0.0539951999 0.0412011620 -0.0453254219 0.9981222723 -0.1164643865 -0.1856948452 -0.9819134549 -0.0369241317 0.1517248727 1413304199.97424 
5 0.9816287490 -0.1601552815 -0.1037076899 -0.0380348175 0.0758817983 -0.1710133743 0.9823422919 -0.1784456082 -0.1750627082 -0.9721649611 -0.1557187739 0.2076198170 1413304200.14094 
6 0.9836825584 -0.0980079405 -0.1508743449 0.0068084717 0.1172108181 -0.2871020715 0.9507018590 -0.2197782202 -0.1364926682 -0.9528729423 -0.2709297093 0.2439607760 1413304200.30763 
7 0.9925255705 0.0334649812 -0.1173587957 0.0463728602 0.1218365347 -0.3268007710 0.9372070822 -0.2382555462 -0.0069893275 -0.9445005829 -0.3284353790 0.2573138976 1413304200.47432 
8 0.9760369907 0.1931649903 -0.1001952058 0.0887428957 0.1518304317 -0.2746857558 0.9494710399 -0.2275212197 0.1558823683 -0.9419315379 -0.2974317824 0.2497110376 1413304200.64102 
9 0.9380097058 0.3405276663 -0.0646428676 0.1102466562 0.1233977429 -0.1538043004 0.9803658675 -0.2003318935 0.3238993500 -0.9275694829 -0.1862902719 0.2451826698 1413304200.80771 
10 0.8480166753 0.5282710755 -0.0423956273 0.1079562610 0.0632558972 -0.0214683778 0.9977664056 -0.1692630840 0.5261809668 -0.8488043235 -0.0516218032 0.2763596982 1413304200.97440 
11 0.7756797597 0.6297662663 -0.0414169069 0.1129246617 -0.0079768440 0.0754012431 0.9971213680 -0.1467107013 0.6310762872 -0.7731164869 0.0635107654 0.3289984678 1413304201.14110 
12 0.7402452416 0.6709218232 -0.0435991909 0.1402632788 -0.0847232727 0.1574145782 0.9838915680 -0.1358519355 0.6669774729 -0.7246271853 0.1733680850 0.3873748219 1413304201.30779 
13 0.6698915785 0.7385411431 -0.0761725213 0.1267713689 -0.1713985756 0.2536538873 0.9519885681 -0.1567457523 0.7224041814 -0.6246732630 0.2965055029 0.4741209046 1413304201.47448 
14 0.6022467578 0.7979514661 -0.0239228018 0.1063079440 -0.2561637223 0.2215458005 0.9409025484 -0.1781912315 0.7560945642 -0.5605273553 0.3378314578 0.5833180690 1413304201.64118 
15 0.5250536611 0.8507523998 -0.0232165289 0.0576511274 -0.2466390107 0.1782120496 0.9525805288 -0.1703459705 0.8145476360 -0.4944297925 0.3033996193 0.7062908492 1413304201.80787 
16 0.4550495095 0.8904397011 -0.0068616801 -0.0007035765 -0.2827705740 0.1518051131 0.9470987330 -0.2101063666 0.8443759509 -0.4290365327 0.3208689876 0.8093860265 1413304201.97456 
17 0.3989815308 0.9169587024 0.0006899988 -0.0593491929 -0.2931694484 0.1268490572 0.9476080367 -0.2415916615 0.8688299100 -0.3782803917 0.3194347080 0.9046105753 1413304202.14126 
18 0.3429938558 0.9389920337 -0.0254789252 -0.1249298404 -0.2867381362 0.1304920126 0.9490801209 -0.2646882420 0.8945034691 -0.3182228706 0.3140027842 0.9863354453 1413304202.30795 
19 0.2759647528 0.9598497422 -0.0503182632 -0.1965115109 -0.2815113896 0.1307704973 0.9506052885 -0.2805706202 0.9190183854 -0.2481683893 0.3062966827 1.0646931624 1413304202.47464 
20 0.2336385038 0.9706130553 -0.0576484720 -0.2376172515 -0.2558711765 0.1185744961 0.9594112934 -0.2735668730 0.9380527653 -0.2094048368 0.2760554723 1.1618550497 1413304202.64134 
21 0.1965321223 0.9790063965 -0.0540518315 -0.2694977556 -0.2186982047 0.0975076428 0.9709085203 -0.2531701253 0.9557961185 -0.1789936735 0.2332703253 1.2740113200 1413304202.80803 
22 0.1649735056 0.9862511207 -0.0096160975 -0.2984720284 -0.1649178070 0.0371961546 0.9856056833 -0.1960987379 0.9724123916 -0.1610129590 0.1687867520 1.3916013372 1413304202.97472 
23 0.1207672122 0.9924558171 -0.0211360253 -0.3601912328 -0.1860435120 0.0435430723 0.9815761878 -0.2522975268 0.9750913250 -0.1146099994 0.1898985411 1.4760056478 1413304203.14142 
24 0.0723131648 0.9970644656 -0.0251646114 -0.4471414391 -0.1971884438 0.0390248450 0.9795885765 -0.2767852601 0.9776950055 -0.0658749796 0.1994316004 1.5689886380 1413304203.30811 
25 0.0088271364 0.9999050953 -0.0105774292 -0.5750602633 -0.1792701830 0.0119888811 0.9837268260 -0.2433190145 0.9837602773 -0.0067872732 0.1793589969 1.6657457110 1413304203.47480 
26 -0.0413642384 0.9991416738 -0.0022170663 -0.6980127108 -0.1878677926 -0.0055982588 0.9821783708 -0.2770863016 0.9813229297 0.0410435757 0.1879381085 1.7441882787 1413304203.64150 
27 -0.0492197515 0.9987878927 -0.0004017638 -0.7456674047 -0.1743622294 -0.0081964048 0.9846474658 -0.2872171506 0.9834506744 0.0485341561 0.1745543087 1.8403922215 1413304203.80819 
28 -0.0357838510 0.9993593569 0.0006260048 -0.7437009876 -0.1689146099 -0.0066656810 0.9856081489 -0.2932799200 0.9849808986 0.0351631138 0.1690449196 1.9449772327 1413304203.97488 
29 0.0045384363 0.9997927464 0.0198460794 -0.6764863435 -0.1618692949 -0.0188500534 0.9866321538 -0.2722348318 0.9868017703 -0.0076902381 0.1617501971 2.0856108017 1413304204.14158 
30 0.0160143354 0.9992216319 0.0360509556 -0.6455836920 -0.1716666213 -0.0327725078 0.9846098384 -0.2885502417 0.9850249297 -0.0219566180 0.1710081716 2.2153352912 1413304204.30827 
31 0.0308492314 0.9988625359 0.0363587572 -0.5977263433 -0.1723662248 -0.0305147281 0.9845601738 -0.3228317943 0.9845497496 -0.0366399464 0.1712288085 2.3514907549 1413304204.47496 
32 0.0501915099 0.9979546188 0.0395902905 -0.5350530416 -0.1773912522 -0.0301022098 0.9836799279 -0.3693069264 0.9828596827 -0.0563953520 0.1755175441 2.4820820955 1413304204.64166 
33 0.0449327191 0.9989105386 0.0126010533 -0.5352981894 -0.1919957901 -0.0037437158 0.9813886086 -0.4356151805 0.9803665984 -0.0465158078 0.1916184028 2.5925866678 1413304204.80835 
34 0.0085462127 0.9997731309 0.0195102260 -0.6129848133 -0.1576104714 -0.0179202950 0.9873387475 -0.3346699456 0.9874643799 -0.0115130228 0.1574215638 2.7210636120 1413304204.97504 
35 -0.0434066247 0.9989948790 0.0111846576 -0.7433462365 -0.1677452932 -0.0183239451 0.9856600578 -0.3937479478 0.9848742973 0.0409080025 0.1683720695 2.8086664870 1413304205.14174 
36 -0.0710824679 0.9974444457 0.0072014181 -0.8028717116 -0.1754499564 -0.0196098355 0.9842930291 -0.4559574296 0.9819188335 0.0687024892 0.1763955001 2.8975176100 1413304205.30843 
37 -0.0801620747 0.9967107775 -0.0119024265 -0.8078713163 -0.1947494802 -0.0039500788 0.9808450626 -0.5446317383 0.9775718295 0.0809445665 0.1944255523 2.9869411434 1413304205.47512 
38 -0.0744514267 0.9972236022 0.0014395091 -0.7477425395 -0.1967629712 -0.0161051762 0.9803188035 -0.5461347497 0.9776202321 0.0727028914 0.1974157322 3.1097956169 1413304205.64182 
39 -0.0555559913 0.9984537477 -0.0019093338 -0.6246865905 -0.2030053996 -0.0094232466 0.9791322741 -0.5828073812 0.9776002964 0.0547842691 0.2032150199 3.2417669532 1413304205.80851 
40 -0.0349555309 0.9993152208 -0.0121326119 -0.4951134915 -0.2160351855 0.0042973107 0.9763761221 -0.6703988036 0.9757596577 0.0367508167 0.2157370343 3.3627912154 1413304205.97520 
41 -0.0367930015 0.9993062744 -0.0057658397 -0.4537960674 -0.2163188479 -0.0023313325 0.9763199890 -0.7072249984 0.9756292488 0.0371690026 0.2162545587 3.4737339615 1413304206.14190 
42 -0.0486242327 0.9986350973 -0.0190689933 -0.4627734427 -0.2267487910 0.0075565776 0.9739239621 -0.7691074597 0.9727387469 0.0516801765 0.2260718682 3.5859169600 1413304206.30859 
43 -0.0593348818 0.9981283046 -0.0148074107 -0.4790033204 -0.1720502018 0.0043860918 0.9850784183 -0.5791807633 0.9832995982 0.0609971295 0.1714679280 3.7577550812 1413304206.47528 
44 -0.0527329924 0.9979285139 -0.0368498652 -0.4530423121 -0.2104951518 0.0249641664 0.9772761030 -0.7666351871 0.9761716153 0.0592914112 0.2087426789 3.8786778409 1413304206.64198 
45 -0.0721306272 0.9969304211 -0.0304451666 -0.5310790989 -0.2125719703 0.0144575275 0.9770384523 -0.8177596956 0.9744795175 0.0769461854 0.2108766334 3.9874608276 1413304206.80867 
46 -0.0663146359 0.9977964512 0.0021473239 -0.5133744722 -0.1907081968 -0.0147870030 0.9815353933 -0.7500099125 0.9794042846 0.0646806500 0.1912685567 4.1156951697 1413304206.97536 
47 -0.0232166974 0.9996316165 0.0140576035 -0.3453862524 -0.2010463437 -0.0184425569 0.9794081069 -0.8020865061 0.9793065672 0.0199123918 0.2014004568 4.2509497110 1413304207.14206 
48 0.0003183919 0.9983320553 0.0577321913 -0.2520989862 -0.1590067739 -0.0569471538 0.9856337390 -0.6266072721 0.9872774405 -0.0094936272 0.1587234279 4.4253849109 1413304207.30875 
49 0.0072069389 0.9963257324 0.0853410512 -0.2358760007 -0.1676897684 -0.0829305759 0.9823454897 -0.6981236708 0.9858134720 -0.0213905251 0.1664759557 4.5563574870 1413304207.47544 
50 0.0357594292 0.9970823641 0.0674390280 -0.1281776874 -0.1822202738 -0.0598455241 0.9814348094 -0.8048540337 0.9826072639 -0.0473843067 0.1795485796 4.6629680432 1413304207.64214 
51 0.0348156956 0.9976759008 0.0585718726 -0.1682853654 -0.1966949120 -0.0506206431 0.9791571182 -0.8883838185 0.9798464058 -0.0456108255 0.1944753806 4.7723938560 1413304207.80883 
52 0.0123091134 0.9989665913 0.0437519739 -0.3326488558 -0.1476367455 -0.0414600556 0.9881722801 -0.6644996299 0.9889650535 -0.0186229237 0.1469738399 4.9400721373 1413304207.97552 
53 -0.0358970303 0.9986986201 0.0362280190 -0.6414133092 -0.1511745593 -0.0412608566 0.9876455813 -0.7124783808 0.9878550784 0.0299767886 0.1524589660 5.0494073118 1413304208.14222 
54 -0.0562793450 0.9974021346 0.0449623978 -0.8041221753 -0.1417952600 -0.0525620029 0.9884995398 -0.6945006024 0.9882948647 0.0492566517 0.1443850501 5.1679242575 1413304208.30891 
55 -0.0458391815 0.9984986266 0.0299877008 -0.8023763336 -0.1457980306 -0.0363850823 0.9886450627 -0.7448272705 0.9882518423 0.0409465328 0.1472469957 5.2967770931 1413304208.47560 
56 -0.0414006247 0.9983949804 0.0386451993 -0.8203433802 -0.1384672861 -0.0440383879 0.9893874019 -0.7017097455 0.9895012880 0.0356101606 0.1400682602 5.4385624496 1413304208.64230 
57 -0.0279598894 0.9977397954 0.0611027428 -0.7737276672 -0.1436893767 -0.0645034154 0.9875184416 -0.7301977270 0.9892277835 0.0188310913 0.1451681177 5.5932198261 1413304208.80899 
58 -0.0240588453 0.9968569149 0.0754815422 -0.7776169719 -0.1463756631 -0.0782022760 0.9861331397 -0.7717500307 0.9889364677 0.0126765639 0.1477970484 5.7379936595 1413304208.97568 
59 -0.0293517611 0.9984193506 0.0479298920 -0.8356327821 -0.1544426091 -0.0519046303 0.9866374156 -0.8656125033 0.9875656710 0.0215571282 0.1557219817 5.8566805277 1413304209.14238 
60 -0.0661559937 0.9975725936 0.0217325779 -1.0775860641 -0.1590710360 -0.0320458449 0.9867469125 -0.9217659824 0.9850481156 0.0618221988 0.1608049306 5.9538619594 1413304209.30907 
61 -0.1138297091 0.9934986975 0.0017707051 -1.3951055847 -0.1328427079 -0.0169866359 0.9909915586 -0.7890448562 0.9845789010 0.1125690556 0.1339126411 6.0535143992 1413304209.47576 
62 -0.1685380569 0.9856826773 0.0049581290 -1.7619016204 -0.1443544325 -0.0296578299 0.9890814986 -0.8860412446 0.9750675470 0.1659821460 0.1472861366 6.0955290055 1413304209.64246 
63 -0.1889789321 0.9819363278 0.0093814375 -1.9129857244 -0.1493703118 -0.0381869076 0.9880436580 -0.9434583920 0.9705542093 0.1853181271 0.1538886564 6.1788823254 1413304209.80915 
64 -0.2040069719 0.9789644444 0.0031260295 -2.0200175280 -0.1569197683 -0.0358521643 0.9869603886 -1.0080026431 0.9663112034 0.2008562644 0.1609329653 6.2601591608 1413304209.97584 
65 -0.2090201735 0.9776786062 0.0213333098 -2.0460297198 -0.1301836502 -0.0494400277 0.9902564824 -0.8223340264 0.9692072969 0.2042063336 0.1376117328 6.4119176083 1413304210.14254 
66 -0.2198268291 0.9751415000 0.0278427748 -2.0949703094 -0.1460747817 -0.0611220562 0.9873835386 -0.9438711668 0.9645404726 0.2129862651 0.1558798496 6.5224799716 1413304210.30923 
67 -0.1881697977 0.9819042438 0.0213584446 -1.8556389510 -0.1534767120 -0.0508777551 0.9868416048 -1.0469327161 0.9700706294 0.1824157613 0.1602730918 6.7240870411 1413304210.47592 
68 -0.1900530243 0.9815489673 0.0210112553 -1.8482984655 -0.1418963341 -0.0486387941 0.9886858440 -0.9956027963 0.9714655312 0.1849213146 0.1485221501 6.8673156718 1413304210.64262 
69 -0.2218080435 0.9750520116 0.0086467664 -2.0501043997 -0.1585784589 -0.0448207169 0.9863285334 -1.1225979138 0.9621091748 0.2174044114 0.1645638408 6.9289414617 1413304210.80931 
70 -0.2559574058 0.9666864003 0.0017915927 -2.2801451360 -0.1140392983 -0.0320353965 0.9929596023 -0.8106699450 0.9599379380 0.2539510519 0.1184399357 7.0478695605 1413304210.97600 
71 -0.2262162006 0.9740713724 0.0033454368 -2.0423847273 -0.1343561321 -0.0346038462 0.9903287351 -0.9956236256 0.9647666352 0.2235789239 0.1387004126 7.2479516817 1413304211.14270 
72 -0.2227171435 0.9748109501 -0.0118610924 -1.9966749898 -0.1699168895 -0.0268350758 0.9850929547 -1.3039463415 0.9599611058 0.2214124888 0.1716134759 7.3475413367 1413304211.30939 
73 -0.1984640652 0.9799824450 -0.0156978463 -1.7843244133 -0.1798611742 -0.0206713334 0.9834747856 -1.4047874657 0.9634635296 0.1980078371 0.1803633101 7.4997810509 1413304211.47608 
74 -0.1715151788 0.9850586331 -0.0155574043 -1.5387276720 -0.1592597832 -0.0121391664 0.9871620749 -1.2497277893 0.9722236702 0.1717909487 0.1589622756 7.6996320346 1413304211.64278 
75 -0.1395326225 0.9899414346 -0.0233795508 -1.2365152180 -0.1987701604 -0.0048711633 0.9800340275 -1.5834532921 0.9700624055 0.1413938751 0.1974505039 7.8213060371 1413304211.80947 
76 -0.0844223047 0.9962830746 -0.0171146045 -0.7460408975 -0.2098755670 -0.0009884318 0.9777276049 -1.7124415695 0.9740765477 0.0861339551 0.2091789208 7.9849503970 1413304211.97616 
77 -0.0778409792 0.9969596333 0.0035030876 -0.6546501234 -0.2192794982 -0.0205484774 0.9754456734 -1.8257263699 0.9725519439 0.0751614910 0.2202123217 8.0945223306 1413304212.14286 
78 -0.0929848834 0.9954489450 -0.0208616726 -0.7533038712 -0.2412218638 -0.0021943982 0.9704675147 -2.0281432463 0.9660050848 0.0952711002 0.2403280957 8.1783489871 1413304212.30955 
79 -0.1070068391 0.9933920807 -0.0414934993 -0.8552519067 -0.2079419752 0.0184499814 0.9779671432 -1.7673671517 0.9722703695 0.1132774129 0.2045936372 8.3810297860 1413304212.47624 
80 -0.1056110498 0.9919383209 -0.0700333758 -0.8370322941 -0.1971052000 0.0481483021 0.9791993061 -1.7144753338 0.9746773037 0.1172182092 0.1904312084 8.5441772437 1413304212.64294 
81 -0.0866217546 0.9940725772 -0.0656991853 -0.6624607404 -0.2141575731 0.0458251675 0.9757236227 -1.9008661710 0.9729507724 0.0985888703 0.2089187142 8.6526826540 1413304212.80963 
82 -0.0592651444 0.9963306469 -0.0617485596 -0.4115501921 -0.2296456933 0.0465903598 0.9721585230 -2.0641754133 0.9714682178 0.0717954061 0.2260418577 8.7588355404 1413304212.97632 
83 -0.0373423932 0.9979771638 -0.0514502301 -0.1979669069 -0.2041644352 0.0427809456 0.9780013671 -1.8460285841 0.9782241201 0.0470252187 0.2021539011 8.9533260486 1413304213.14302 
84 -0.0312200141 0.9986408058 -0.0417354970 -0.1124750172 -0.2079990209 0.0343504766 0.9775256785 -1.9191113964 0.9776306655 0.0391993080 0.2066438874 9.0910867461 1413304213.30971 
85 0.0032177528 0.9997361401 -0.0227441476 0.2305263416 -0.1892315469 0.0229420749 0.9816644451 -1.7936398896 0.9819272212 0.0011451567 0.1892554382 9.2549384555 1413304213.47640 
86 0.0075158670 0.9996333908 -0.0260114522 0.2838049701 -0.1842704043 0.0269512404 0.9825060044 -1.7720714564 0.9828468496 -0.0025912436 0.1844054110 9.3893778053 1413304213.64310 
87 -0.0072745857 0.9996069959 -0.0270727565 0.1440944322 -0.1866733270 0.0252400418 0.9820977595 -1.8060582960 0.9823951086 0.0121981159 0.1864163528 9.5308592711 1413304213.80979 
88 -0.0121264397 0.9991187665 -0.0401825820 0.0889915842 -0.2093344570 0.0367584399 0.9771529574 -2.0479808346 0.9777689065 0.0202609854 0.2087042355 9.6406052358 1413304213.97648 
89 -0.0173454977 0.9990323574 -0.0404163641 0.0221826811 -0.2169428023 0.0356989929 0.9755313436 -2.1740517214 0.9760302015 0.0256891160 0.2161136624 9.7632370977 1413304214.14318 
90 -0.0137626618 0.9993885662 -0.0321416070 0.0499534573 -0.2440764030 0.0278145586 0.9693570342 -2.4829412640 0.9696583412 0.0211859409 0.2435443641 9.8251563839 1413304214.30987 
91 0.0047861529 0.9997546235 -0.0216283517 0.2377218272 -0.3208620435 0.0220203338 0.9468699245 -3.2882746042 0.9471138484 0.0024078529 0.3208887042 9.7262269431 1413304214.47656 
92 0.0331475689 0.9992691498 -0.0190369383 0.5422572450 -0.2852358556 0.0277135942 0.9580566076 -2.9454186117 0.9578839937 -0.0263272300 0.2859460292 9.9751756854 1413304214.64326 
93 0.0500063372 0.9974884701 -0.0501609238 0.7379501425 -0.3420336352 0.0642904732 0.9374858545 -3.5855663456 0.9383562003 -0.0297235107 0.3443895386 9.9125181740 1413304214.80995 
94 0.0444070777 0.9975767801 -0.0535591195 0.6937598479 -0.3566016345 0.0659086346 0.9319288203 -3.8024642015 0.9332005603 -0.0222849660 0.3586643202 9.9868301914 1413304214.97664 
95 0.0313616118 0.9976134893 -0.0615123989 0.5615335829 -0.3429529227 0.0685469266 0.9368482330 -3.7045698572 0.9388289206 -0.0082852136 0.3442842040 10.1849012675 1413304215.14334 
96 -0.0158906074 0.9980982304 -0.0595601466 0.0470175348 -0.3061732009 0.0518489870 0.9505628089 -3.3425824781 0.9518431907 0.0333407411 0.3047670181 10.4862000068 1413304215.31003 
97 -0.0581299070 0.9964996939 -0.0600772326 -0.4343529891 -0.2934177770 0.0404667120 0.9551274540 -3.2530030017 0.9542153437 0.0731491981 0.2900383987 10.6704875741 1413304215.47672 
98 -0.0831414703 0.9947898380 -0.0589972388 -0.7348364540 -0.2842436381 0.0330699330 0.9581815766 -3.2193480911 0.9551403301 0.0964342149 0.2800131998 10.8175353175 1413304215.64342 
99 -0.0845552705 0.9952156083 -0.0489520103 -0.7667350710 -0.2981852293 0.0216033438 0.9542635195 -3.4278608076 0.9507554761 0.0952847764 0.2949319178 10.8918877122 1413304215.81011 
100 -0.0660083115 0.9965781064 -0.0497491778 -0.5676057897 -0.3066689938 0.0271830751 0.9514279840 -3.5529900388 0.9495246343 0.0780586850 0.3038252962 11.0029166349 1413304215.97680 
101 -0.0317104209 0.9993121154 -0.0192287592 -0.1718620325 -0.2751446827 0.0097673946 0.9613532137 -3.2182162132 0.9608797286 0.0357756059 0.2746456867 11.2662449753 1413304216.14350 
102 -0.0298174624 0.9986418140 -0.0427252419 -0.1495222788 -0.2895303297 0.0322827900 0.9566242782 -3.4336578664 0.9567042945 0.0408943618 0.2881745028 11.3598412902 1413304216.31019 
103 -0.0105040513 0.9995094684 -0.0295040234 0.0744360531 -0.2933945922 0.0251263430 0.9556611744 -3.5376308437 0.9559337206 0.0186946349 0.2929867445 11.4784166032 1413304216.47688 
104 -0.0325718127 0.9985545148 -0.0427546264 -0.2034529320 -0.2936940664 0.0313263062 0.9553860256 -3.5828826722 0.9553443737 0.0436754348 0.2922491814 11.6073572647 1413304216.64358 
105 -0.0958285352 0.9946751517 -0.0379240609 -0.9928422369 -0.2647718116 0.0112553396 0.9642454071 -3.2672694859 0.9595377948 0.1024434473 0.2622833592 11.8098210596 1413304216.81027 
106 -0.1592970630 0.9863636327 -0.0413670138 -1.8093480978 -0.2578745001 -0.0011261177 0.9661777652 -3.2230710533 0.9529560262 0.1645767784 0.2545374159 11.8788348552 1413304216.97696 
107 -0.1953067781 0.9806473782 -0.0136375252 -2.2939574156 -0.2438116286 -0.0350796210 0.9691879642 -3.1060665006 0.9499532368 0.1926139659 0.2459445221 11.9661397309 1413304217.14366 
108 -0.2164041272 0.9761938761 -0.0146550317 -2.5833893240 -0.2488556976 -0.0406393736 0.9676875958 -3.2037316885 0.9440551337 0.2130585777 0.2517259362 12.0060295137 1413304217.31035 
109 -0.2057920834 0.9784125064 -0.0189363601 -2.4663880350 -0.2646844024 -0.0370216242 0.9636241832 -3.4254816095 0.9421208975 0.2033183875 0.2665892868 12.0979058603 1413304217.47704 
110 -0.2171783558 0.9760760899 0.0104416687 -2.6250373788 -0.2159696634 -0.0584799488 0.9746472183 -2.8272666403 0.9519404741 0.2094171967 0.2235034037 12.3503016966 1413304217.64374 
111 -0.2701750104 0.9627957745 0.0054553064 -3.3144027787 -0.1967998437 -0.0607696234 0.9785585697 -2.6179161259 0.9424835729 0.2633084683 0.2058964916 12.3594588292 1413304217.81043 
112 -0.3636750239 0.9315258602 -0.0002207347 -4.5378114153 -0.2128659687 -0.0828738535 0.9735604777 -2.8708547743 0.9068784684 0.3541066169 0.2284293052 12.0213205960 1413304217.97712 
113 -0.5028131655 0.8643209007 -0.0113270100 -6.3781938749 -0.2179354504 -0.1140801412 0.9692728516 -2.9716394894 0.8364705972 0.4898317078 0.2457271618 11.2355544155 1413304218.14382 
114 -0.6603510779 0.7509121633 -0.0082083485 -8.5001307349 -0.1888439477 -0.1554699923 0.9696221145 -2.6196008175 0.7268248877 0.6418411054 0.2444699943 9.9435604466 1413304218.31051 
115 -0.8068973742 0.5906915641 -0.0003218417 -10.5325841748 -0.1383938949 -0.1885192888 0.9722693082 -1.9816399499 0.5742506050 0.7845660927 0.2338638254 8.0754703352 1413304218.47720 
116 -0.9008776541 0.4336233006 0.0197556441 -11.8925316238 -0.0996556820 -0.2509082065 0.9628674971 -1.5240035951 0.4224786353 0.8654570498 0.2692506223 6.1818259717 1413304218.64390 
117 -0.9575275252 0.2883103248 -0.0042655687 -12.7541120288 -0.0817265654 -0.2571816168 0.9629010253 -1.3155056546 0.2765172815 0.9223528460 0.2698210897 4.3305119152 1413304218.81059 
118 -0.9846982592 0.1741141435 -0.0073214374 -13.2062127851 -0.0543993357 -0.2671979364 0.9621049709 -0.9735639830 0.1655598100 0.9477813713 0.2725810365 2.9270612213 1413304218.97728 
119 -0.9961829026 0.0845103260 -0.0218547327 -13.4329553014 -0.0397612216 -0.2164280770 0.9754885611 -0.7517896777 0.0777088786 0.9726339971 0.2189621837 1.8441224885 1413304219.14398 
120 -0.9999924506 -0.0031367884 -0.0022933037 -13.5635670281 -0.0016202069 -0.1998374778 0.9798277182 -0.2377936613 -0.0035318003 0.9798240368 0.1998308869 0.8521957955 1413304219.31067 
121 -0.9975994428 -0.0689753499 0.0061443403 -13.5994438930 0.0188282140 -0.1847847875 0.9825986366 0.0188009947 -0.0666397042 0.9803555393 0.1856398837 0.1005358485 1413304219.47736 
122 -0.9949993668 -0.0984912081 -0.0166054814 -13.6124538998 0.0002157322 -0.1683710623 0.9857236625 -0.2550894051 -0.0998809970 0.9807908377 0.1675503481 -0.2500589120 1413304219.64406 
123 -0.9895731128 -0.1435060137 -0.0122913960 -13.6093269841 0.0133489225 -0.1763506587 0.9842368879 -0.1065944753 -0.1434115081 0.9738102840 0.1764275209 -0.7384302639 1413304219.81075 
124 -0.9765588953 -0.2151013028 0.0080095899 -13.5440653298 0.0403932790 -0.1465818624 0.9883734824 0.2910924540 -0.2114263631 0.9655284497 0.1518344686 -1.5495002369 1413304219.97744 
125 -0.9647722792 -0.2629039340 0.0097964658 -13.4859922105 0.0447349647 -0.1272407848 0.9908625362 0.3600579943 -0.2592551488 0.9563949520 0.1345193801 -2.0874313510 1413304220.14414 
126 -0.9527884319 -0.3034047201 -0.0118228518 -13.4165046563 0.0277348599 -0.1257392659 0.9916755591 0.0880623045 -0.3023656422 0.9445290958 0.1282178053 -2.5678498318 1413304220.31083 
127 -0.9339795305 -0.3563455095 -0.0264596768 -13.2595891564 0.0273561902 -0.1451389575 0.9890330236 0.0271116068 -0.3562778066 0.9230127631 0.1453050709 -3.2279166480 1413304220.47752 
128 -0.9215328531 -0.3870427189 -0.0312271409 -13.1464731654 0.0347530552 -0.1623077678 0.9861279905 0.0912603312 -0.3867420662 0.9076641021 0.1630228573 -3.5590847030 1413304220.64422 
129 -0.9139373321 -0.4058553256 0.0000871031 -13.0811912020 0.0598705412 -0.1346089766 0.9890884398 0.4750754223 -0.4014150860 0.9039700648 0.1473229469 -3.6442796203 1413304220.81091 
130 -0.9116228061 -0.4110255538 0.0013614354 -13.0576464134 0.0631484992 -0.1367839919 0.9885860643 0.4880382908 -0.4061479120 0.9013035746 0.1506510534 -3.5804897050 1413304220.97760 
131 -0.9099297152 -0.4135999897 -0.0310316268 -13.0351021579 0.0361921526 -0.1537103171 0.9874529186 0.0568717711 -0.4131803981 0.8973896517 0.1548346590 -3.5596967327 1413304221.14430 
132 -0.8850204506 -0.4640225390 -0.0377078950 -12.8126319274 0.0406948021 -0.1577931896 0.9866332867 0.0873582892 -0.4637701317 0.8716561206 0.1585335051 -4.1771538165 1413304221.31099 
133 -0.8350763300 -0.5442135765 -0.0804928949 -12.3328560920 0.0136249093 -0.1667295245 0.9859085290 -0.3068944032 -0.5499653488 0.8222121678 0.1466467400 -5.3150956396 1413304221.47768 
134 -0.7836040576 -0.6146413918 -0.0904468930 -11.8496503233 -0.0028765643 -0.1419949340 0.9898632047 -0.4827711614 -0.6212538985 0.7759210000 0.1094997510 -6.2391018478 1413304221.64438 
135 -0.7325644750 -0.6748579953 -0.0889717719 -11.3843837562 0.0078705724 -0.1390956213 0.9902476772 -0.3682460475 -0.6806521462 0.7247200110 0.1072080295 -7.0337806115 1413304221.81107 
136 -0.7048684199 -0.7043850345 -0.0836793507 -11.1479402543 0.0271106355 -0.1446337244 0.9891137949 -0.1592542253 -0.7088198107 0.6949264774 0.1210440707 -7.3816877818 1413304221.97776 
137 -0.6652780793 -0.7404015800 -0.0959717545 -10.7763653144 0.0275419031 -0.1527968146 0.9878737657 -0.1947616646 -0.7460874753 0.6545675167 0.1220444399 -7.8871625095 1413304222.14446 
138 -0.6139385027 -0.7864962513 -0.0671056003 -10.2897145472 0.0241949004 -0.1037234120 0.9943118528 -0.0985645132 -0.7889829667 0.6088227168 0.0827089948 -8.4666371851 1413304222.31115 
139 -0.5468796765 -0.8342370113 -0.0705069388 -9.6257562136 0.0448767473 -0.1133054204 0.9925462001 0.1243089332 -0.8360075939 0.5396392227 0.0994022752 -9.1643679552 1413304222.47784 
140 -0.5219909328 -0.8526614138 -0.0222256473 -9.4391424158 0.0787128425 -0.0741006727 0.9941395167 0.6504936538 -0.8493113413 0.5171823698 0.1057952828 -9.3021922721 1413304222.64454 
141 -0.5443514105 -0.8383551914 -0.0290192185 -9.7654808800 0.0880674193 -0.0915170962 0.9919015832 0.6975276933 -0.8342215962 0.5373873782 0.1236492386 -8.9594253511 1413304222.81123 
142 -0.5423196096 -0.8390935008 -0.0425621654 -9.8434801390 0.0622577666 -0.0906545110 0.9939344697 0.3593563957 -0.8378624061 0.5363803282 0.1014038064 -8.9240144705 1413304222.97792 
143 -0.5082587898 -0.8612008326 0.0024755801 -9.6129611520 0.0542602006 -0.0291538787 0.9981011382 0.4648982964 -0.8594933584 0.5074280021 0.0615466451 -9.2252601302 1413304223.14462 
144 -0.4421366558 -0.8966390120 0.0235299767 -9.0207802696 0.0756302240 -0.0111279679 0.9970738376 0.7894423419 -0.8937534597 0.4426224696 0.0727330918 -9.8337379985 1413304223.31131 
145 -0.4389599846 -0.8982554193 -0.0212446132 -9.0944216565 0.0591274571 -0.0524713949 0.9968704512 0.4021107809 -0.8965590197 0.4363300980 0.0761444015 -9.8394983627 1413304223.47800 
146 -0.4209845683 -0.9061835929 -0.0400410932 -8.9898630226 0.0694084895 -0.0761961953 0.9946741182 0.4380445449 -0.9044083452 0.4159632624 0.0949742568 -9.9696286637 1413304223.64470 
147 -0.3945649234 -0.9177899879 -0.0444978579 -8.7887978208 0.0625698384 -0.0751505832 0.9952072172 0.3595142361 -0.9167352598 0.3898896357 0.0870777553 -10.1705445016 1413304223.81139 
148 -0.3594730930 -0.9331534942 0.0019109176 -8.4981392733 0.0907463820 -0.0329194389 0.9953297970 0.8898097776 -0.9287325716 0.3579676895 0.0965139560 -10.3918866286 1413304223.97808 
149 -0.3109520909 -0.9472791957 0.0772717443 -8.0243926981 0.1218991546 0.0408808827 0.9917002317 1.5963164109 -0.9425759350 0.3177906209 0.1027605372 -10.6843810604 1413304224.14478 
150 -0.2283687761 -0.9732555277 0.0249274925 -7.1412323739 0.1361372754 -0.0065703495 0.9906681951 1.5750254988 -0.9640095147 0.2296312441 0.1339968185 -11.3041635359 1413304224.31147 
151 -0.1081547547 -0.9938290019 0.0246264891 -5.7646968383 0.1433077924 0.0089269763 0.9896379064 1.7404718574 -0.9837506928 0.1105632128 0.1414579454 -12.0512400699 1413304224.47816 
152 0.0061092758 -0.9990776321 0.0425036687 -4.4195426624 0.1258053755 0.0429346483 0.9911254328 1.6715120734 -0.9920361305 -0.0007078687 0.1259516363 -12.6452334113 1413304224.64486 
153 0.0934551903 -0.9944391982 0.0485469724 -3.3870721856 0.1463600711 0.0619525315 0.9872895287 2.0183826800 -0.9848070151 -0.0851619925 0.1513359774 -12.9478002361 1413304224.81155 
154 0.1274134019 -0.9896828118 0.0655267655 -3.0236023780 0.1138405555 0.0802206716 0.9902550034 1.6795130660 -0.9852949573 -0.1187121553 0.1228872298 -13.1163161728 1413304224.97824 
155 0.1629666510 -0.9865848721 -0.0096000382 -2.6167742104 0.1332699718 0.0123708552 0.9910025613 1.6015485400 -0.9775893746 -0.1627797654 0.1334981750 -13.2224687994 1413304225.14494 
156 0.2178284466 -0.9758061597 0.0187911313 -1.9230128331 0.1112681617 0.0439570297 0.9928177958 1.4762125823 -0.9696237229 -0.2141731036 0.1181512490 -13.3525501831 1413304225.31163 
157 0.2687086069 -0.9627427498 0.0303658080 -1.2693690109 0.1178092048 0.0641373154 0.9909628631 1.6673867997 -0.9559898932 -0.2627028787 0.1306542065 -13.3854826816 1413304225.47832 
158 0.3257118223 -0.9443822280 0.0453212550 -0.5147606825 0.1119801645 0.0861303569 0.9899707088 1.6928417920 -0.9388142796 -0.3173700820 0.1338057528 -13.4017606260 1413304225.64502 
159 0.3479978060 -0.9364272365 0.0447387730 -0.2416238448 0.0911389705 0.0812877513 0.9925149820 1.3888361538 -0.9330547760 -0.3413155904 0.1136329734 -13.4181545964 1413304225.81171 
160 0.4286920542 -0.9034495567 -0.0014216569 0.9037142396 0.0900579688 0.0411671747 0.9950853360 1.1615235496 -0.8989508802 -0.4267132083 0.0990108727 -13.3876205018 1413304225.97840 
161 0.5359143242 -0.8438907064 -0.0253833172 2.5199085683 0.0858897696 0.0245858168 0.9960012475 1.0115628770 -0.8398921268 -0.5359515027 0.0856574697 -13.1715453793 1413304226.14510 
162 0.6500958625 -0.7596507855 -0.0174943886 4.3462858798 0.0605762959 0.0288625249 0.9977461937 0.7093302187 -0.7574337475 -0.6496904176 0.0647802388 -12.6968666905 1413304226.31179 
163 0.7758884543 -0.6288230484 -0.0507807070 6.5687134798 0.0913033638 0.0322812599 0.9952997619 1.1099452279 -0.6242281652 -0.7768780432 0.0824603164 -11.6799480698 1413304226.47848 
164 0.8695613263 -0.4903784958 -0.0582411421 8.4402193166 0.1038067215 0.0662107199 0.9923912057 1.4436561594 -0.4827911188 -0.8689908351 0.1084788654 -10.4002651329 1413304226.64518 
165 0.9134754647 -0.4049911766 -0.0393029555 9.4434911802 0.0723241520 0.0665537473 0.9951581863 1.0595224098 -0.4004145258 -0.9118951396 0.0900858587 -9.5970660354 1413304226.81187 
166 0.9527519959 -0.2975014791 -0.0612903280 10.5083542221 0.0833095454 0.0618954795 0.9945996528 1.1701900563 -0.2921012735 -0.9527128736 0.0837557546 -8.4486442313 1413304226.97856 
167 0.9856387583 -0.1636943326 -0.0414777489 11.6326108460 0.0498135211 0.0471492680 0.9976450068 0.6667907029 -0.1613531881 -0.9853837384 0.0546263371 -6.9720672119 1413304227.14526 
168 0.9933979914 -0.0931685366 -0.0669332096 12.1290505855 0.0722934804 0.0553961123 0.9958438248 0.9934140903 -0.0890734722 -0.9941080900 0.0617658644 -6.1107397873 1413304227.31195 
169 0.9984200145 -0.0179524870 -0.0532464351 12.6023625960 0.0542257080 0.0593809676 0.9967614927 0.7873063333 -0.0147325229 -0.9980739496 0.0602606329 -5.1895021791 1413304227.47864 
170 0.9981579807 0.0375087557 -0.0476837376 12.9027520292 0.0450990380 0.0669733050 0.9967349965 0.7087424347 0.0405798270 -0.9970494821 0.0651583300 -4.4806744945 1413304227.64534 
171 0.9955136190 0.0884857306 -0.0335098464 13.1449168013 0.0271050640 0.0726170439 0.9969915147 0.5073161507 0.0906529085 -0.9934269175 0.0698928447 -3.8263849094 1413304227.81203 
172 0.9912807113 0.1262908659 -0.0375921356 13.2959851755 0.0270349013 0.0842925685 0.9960742327 0.5634236729 0.1289638150 -0.9884054735 0.0801433361 -3.3145857079 1413304227.97872 
173 0.9871044892 0.1556684414 -0.0373103720 13.4027915417 0.0224667768 0.0960462114 0.9951232935 0.5638144095 0.1584928119 -0.9831289140 0.0913102784 -2.9162829624 1413304228.14542 
174 0.9858247248 0.1645084802 -0.0329631913 13.4343528031 0.0150222887 0.1091325109 0.9939136914 0.5367000158 0.1671045867 -0.9803198738 0.1051142337 -2.7942437318 1413304228.31211 
175 0.9857658403 0.1624150044 -0.0434404697 13.4260287936 0.0257079065 0.1097295962 0.9936289646 0.6752665718 0.1661469579 -0.9806022548 0.1039923378 -2.8061513883 1413304228.47880 
176 0.9841492974 0.1710707614 -0.0467435031 13.4508668877 0.0277523059 0.1117671874 0.9933468203 0.7114327945 0.1751569867 -0.9788988152 0.1052479908 -2.6826649938 1413304228.64550 
177 0.9822980453 0.1822918304 -0.0431304852 13.4847361497 0.0238007088 0.1069249464 0.9939821840 0.6370891070 0.1858065565 -0.9774132925 0.1006934911 -2.5381433288 1413304228.81219 
178 0.9819184381 0.1820181571 -0.0520151068 13.4833540543 0.0309852270 0.1165302579 0.9927036893 0.7785845330 0.1867514299 -0.9763657560 0.1087833349 -2.5250101681 1413304228.97888 
179 0.9826273220 0.1766580280 -0.0568813441 13.4690451496 0.0361495727 0.1184323236 0.9923038814 0.8542468312 0.1820350366 -0.9771211419 0.1099887248 -2.5938355567 1413304229.14558 
180 0.9826706567 0.1767883397 -0.0557159172 13.4761229105 0.0349951115 0.1182322697 0.9923691211 0.8383479518 0.1820267087 -0.9771218007 0.1099966545 -2.5962157565 1413304229.31227 
181 0.9825857467 0.1763760349 -0.0584529273 13.4854351755 0.0386065498 0.1139283451 0.9927385691 0.8621263920 0.1817547378 -0.9777074340 0.1051350978 -2.6036945004 1413304229.47896 
182 0.9849541199 0.1593374882 -0.0669099887 13.4441907137 0.0480072863 0.1196613754 0.9916533949 1.0108484399 0.1660141024 -0.9799452638 0.1102116043 -2.8141024397 1413304229.64566 
183 0.9889639394 0.1282993621 -0.0740918366 13.3551550034 0.0580334385 0.1246691063 0.9904997395 1.1639560727 0.1363174478 -0.9838683284 0.1158475974 -3.2066898756 1413304229.81235 
184 0.9909829495 0.1109450243 -0.0751265289 13.3068259953 0.0602535815 0.1318051506 0.9894427261 1.2275230332 0.1196758107 -0.9850475135 0.1239318218 -3.4140250052 1413304229.97904 
185 0.9909395256 0.1212557725 -0.0577571999 13.3649664517 0.0423399804 0.1260784749 0.9911163122 0.9645052424 0.1274605138 -0.9845817669 0.1198021771 -3.2873750459 1413304230.14574 
186 0.9886143945 0.1359811510 -0.0644259691 13.4156118556 0.0442901639 0.1462238438 0.9882595655 1.0927818373 0.1438052861 -0.9798610688 0.1385363693 -3.0196755901 1413304230.31243 
187 0.9870227275 0.1538740400 -0.0459229277 13.4850751443 0.0201391975 0.1651051163 0.9860703389 0.8844104747 0.1593127371 -0.9741986863 0.1598636026 -2.7323907553 1413304230.47912 
188 0.9824386636 0.1801476481 -0.0485911230 13.5551806294 0.0211180232 0.1513920760 0.9882481816 0.8285697862 0.1853868966 -0.9719193713 0.1449290666 -2.3000848908 1413304230.64582 
189 0.9771725227 0.2042917657 -0.0582986737 13.5878241586 0.0290804127 0.1432082748 0.9892652423 0.8763512521 0.2104475955 -0.9683781619 0.1339983023 -1.8630924221 1413304230.81251 
190 0.9739234022 0.2215393823 -0.0489234996 13.5966618087 0.0190801417 0.1348958499 0.9906760610 0.6810965070 0.2260733397 -0.9657760671 0.1271512223 -1.5526854410 1413304230.97920 
191 0.9705626333 0.2369633461 -0.0430876711 13.6010814261 0.0085527801 0.1448767608 0.9894127420 0.5709372821 0.2406969562 -0.9606555557 0.1385852751 -1.2511593520 1413304231.14590 
192 0.9711653965 0.2280557479 -0.0694863194 13.5564383480 0.0354537241 0.1500677843 0.9880398239 0.9251024110 0.2357558189 -0.9620136361 0.1376552136 -1.2396552026 1413304231.31259 
193 0.9740365796 0.2198300831 -0.0541061569 13.5427441937 0.0230076679 0.1416363082 0.9896513545 0.7198384684 0.2252185358 -0.9652014768 0.1329011676 -1.3016788049 1413304231.47928 
194 0.9761113490 0.2135057872 -0.0402729822 13.5315679284 0.0129797808 0.1277248746 0.9917247006 0.5226951313 0.2168828245 -0.9685564698 0.1219024414 -1.3114219095 1413304231.64598 
195 0.9820021841 0.1841307942 -0.0420423716 13.4810921331 0.0127098794 0.1576701527 0.9874100374 0.6205480099 0.1884414216 -0.9701731668 0.1524921542 -1.5755075215 1413304231.81267 
196 0.9863977850 0.1611629437 -0.0323406139 13.4344950065 0.0026593703 0.1810756419 0.9834655762 0.5566064465 0.1643543047 -0.9701742717 0.1781840202 -1.7907290956 1413304231.97936 
197 0.9866822816 0.1601032158 -0.0287234323 13.4173418829 -0.0043999489 0.2027921715 0.9792119156 0.5363059732 0.1625998638 -0.9660446654 0.2007958884 -1.6990228028 1413304232.14606 
198 0.9804810663 0.1954573287 -0.0212911059 13.4491991052 -0.0257342656 0.2349356439 0.9716702068 0.3786749638 0.1949221027 -0.9521563295 0.2353799015 -1.1188414624 1413304232.31275 
199 0.9681616390 0.2494957330 -0.0203695869 13.4575946750 -0.0427486190 0.2449634649 0.9685894158 0.1719769836 0.2466487308 -0.9368803446 0.2478298277 -0.2745650830 1413304232.47944 
200 0.9485259381 0.3157367068 -0.0246754271 13.4032464932 -0.0501878877 0.2267873023 0.9726503459 -0.0347140679 0.3126974906 -0.9213456743 0.2309597971 0.7424575859 1413304232.64614 
201 0.9407356187 0.3362543709 -0.0441530720 13.3507470124 -0.0377353183 0.2331648776 0.9717047831 0.1198306623 0.3370349261 -0.9124511702 0.2320351712 1.1742463321 1413304232.81283 
202 0.9419884790 0.3333822037 -0.0389103028 13.3351577021 -0.0450413824 0.2404347310 0.9696197265 0.0347065539 0.3326093493 -0.9116180376 0.2415027419 1.2066560767 1413304232.97952 
203 0.9490328968 0.3135297149 -0.0321819607 13.3482680475 -0.0463829284 0.2399299766 0.9696815097 0.0024506543 0.3117453844 -0.9187669586 0.2422438671 1.0141058167 1413304233.14622 
204 0.9447378189 0.3277941444 -0.0046316818 13.3378821256 -0.0658677427 0.2036403125 0.9768275506 -0.3944937552 0.3211415483 -0.9225408512 0.2139777650 1.2475658036 1413304233.31291 
205 0.9368705630 0.3489179741 0.0230172869 13.3072061187 -0.0765833741 0.1405145793 0.9871122732 -0.7827634454 0.3411869502 -0.9265591726 0.1583652888 1.6262437717 1413304233.47960 
206 0.9377056769 0.3474123197 0.0035698185 13.3206183922 -0.0606557429 0.1535824086 0.9862724393 -0.5723512951 0.3420949347 -0.9250497953 0.1650876488 1.7491852215 1413304233.64630 
207 0.9258360820 0.3778567680 -0.0071980683 13.2512824850 -0.0620434279 0.1707533944 0.9833584755 -0.5526385528 0.3727977499 -0.9099821653 0.1815331828 2.3051952412 1413304233.81299 
208 0.9056228488 0.4240811928 0.0015484080 13.1039894150 -0.0692383125 0.1442538395 0.9871154370 -0.7278303099 0.4183937281 -0.8940615033 0.1600022393 3.0758272122 1413304233.97968 
209 0.8906085612 0.4547687740 0.0013239487 12.9586158506 -0.0755761671 0.1451345863 0.9865212592 -0.8307899464 0.4484469129 -0.8787043382 0.1636277859 3.6337688168 1413304234.14638 
210 0.8853742253 0.4637787822 0.0319643937 12.8786943844 -0.0929727861 0.1092806318 0.9896533760 -1.1842243198 0.4554871483 -0.8791854098 0.1398730602 3.8403810149 1413304234.31307 
211 0.8944213415 0.4470261883 0.0133435673 12.9412499379 -0.0788977257 0.1283516626 0.9885853527 -0.9711603935 0.4402108730 -0.8852646145 0.1500698158 3.7153833259 1413304234.47976 
212 0.9078602257 0.4192471425 0.0046523191 13.0454068732 -0.0756744236 0.1529353503 0.9853345423 -0.8745940761 0.4123871872 -0.8948981016 0.1705702075 3.4118033455 1413304234.64646 
213 0.9230292201 0.3847258517 -0.0017544053 13.1711034595 -0.0663100669 0.1635787895 0.9842992201 -0.7257080201 0.3789723393 -0.9084206067 0.1764991994 3.0428850981 1413304234.81315 
214 0.9337733996 0.3577958489 0.0070262820 13.2759069398 -0.0704019091 0.1644134234 0.9838759055 -0.7965123852 0.3508714997 -0.9192118128 0.1787143922 2.7630186592 1413304234.97984 
215 0.9480774373 0.3180329576 0.0020520104 13.4074340371 -0.0626075006 0.1803035506 0.9816164885 -0.6932274046 0.3118164103 -0.9307769161 0.1908529768 2.3246347145 1413304235.14654 
216 0.9565815604 0.2913209240 0.0091562821 13.4816484650 -0.0692736777 0.1967280854 0.9780077801 -0.7742486782 0.2831128324 -0.9361784977 0.2083673307 2.0212188452 1413304235.31323 
217 0.9645607953 0.2623601151 -0.0281005731 13.5529027954 -0.0464397110 0.2736334013 0.9607122956 -0.3370258665 0.2597418439 -0.9253604334 0.2761199791 1.8260224272 1413304235.47992 
218 0.9699453818 0.2403428056 -0.0379643534 13.5990973754 -0.0259646521 0.2573678703 0.9659646040 -0.1088076703 0.2419334478 -0.9359471754 0.2558731945 1.6899518092 1413304235.64662 
219 0.9755418013 0.2177549634 -0.0300161612 13.6463749831 -0.0259960131 0.2498847161 0.9679265654 -0.1560754670 0.2182713937 -0.9434725246 0.2494337469 1.4771606599 1413304235.81331 
220 0.9808430127 0.1919334170 -0.0332948616 13.6924000455 -0.0152579458 0.2460885040 0.9691272586 -0.0558930196 0.1942013890 -0.9500536888 0.2443026993 1.2435802545 1413304235.98000 
221 0.9871617025 0.1562796581 -0.0329915380 13.7413831258 -0.0066038649 0.2463112304 0.9691682861 0.0359517645 0.1595874747 -0.9565079436 0.2441810633 0.8523271734 1413304236.14670 
222 0.9943153153 0.1032833840 -0.0258765592 13.7835617049 -0.0020573714 0.2616193083 0.9651689514 0.1085928728 0.1064557230 -0.9596290326 0.2603445773 0.2132206523 1413304236.31339 
223 0.9977768180 0.0665437815 0.0036532912 13.8037555731 -0.0196811229 0.2418445992 0.9701153762 -0.1743705486 0.0636716169 -0.9680305341 0.2426165910 -0.2726213864 1413304236.48008 
224 0.9994508903 0.0243375586 0.0224855748 13.8126385637 -0.0274679903 0.2290141586 0.9730354694 -0.3311969373 0.0185317928 -0.9731187997 0.2295569086 -0.7847000136 1413304236.64678 
225 0.9985196037 -0.0065556195 0.0539965257 13.8045976680 -0.0511324756 0.2254040712 0.9729226458 -0.7044546138 -0.0185491474 -0.9742433108 0.2247351788 -1.2008890076 1413304236.81347 
226 0.9988675748 -0.0253001922 0.0402922854 13.8255506051 -0.0333779923 0.2308542014 0.9724156762 -0.4775694307 -0.0339039469 -0.9726593638 0.2297483067 -1.3292509677 1413304236.98016 
227 0.9987494407 -0.0275153170 0.0417428090 13.8476655167 -0.0339913164 0.2385573177 0.9705333568 -0.4894740790 -0.0366625855 -0.9707385402 0.2373237058 -1.2673722572 1413304237.14686 
228 0.9992809429 -0.0205942122 0.0318351326 13.8801821969 -0.0262022231 0.2317892488 0.9724130746 -0.3962608757 -0.0274051227 -0.9725480053 0.2310829649 -1.0263924715 1413304237.31355 
229 0.9997963626 -0.0188104878 -0.0073074555 13.9054481792 0.0120108962 0.2636919659 0.9645321589 0.1239814212 -0.0162164031 -0.9644235131 0.2638641992 -0.7424717257 1413304237.48024 
230 0.9997621373 0.0055043370 -0.0211038176 13.9245176997 0.0189084163 0.2634798767 0.9644795624 0.1734064472 0.0108692518 -0.9646491885 0.2633131264 -0.2469789292 1413304237.64694 
231 0.9998152020 -0.0184012102 -0.0055639330 13.9224694310 0.0101876747 0.2617277432 0.9650879751 0.0162365351 -0.0163025511 -0.9649663123 0.2618668419 -0.5149338503 1413304237.81363 
232 0.9998385573 -0.0135181302 -0.0118372102 13.9336471826 0.0145691360 0.2243330527 0.9744036236 0.0442775242 -0.0105166376 -0.9744187712 0.2244937832 -0.3124456067 1413304237.98032 
233 0.9997537252 0.0216767899 -0.0047545505 13.9493205592 0.0007801028 0.1797852522 0.9837055731 -0.1760093275 0.0221783771 -0.9834670202 0.1797240655 0.2806646141 1413304238.14702 
234 0.9972476628 0.0710823117 0.0210808898 13.9281354993 -0.0339774730 0.1854338100 0.9820691592 -0.6956372280 0.0658986363 -0.9800824491 0.1873386310 1.0235211781 1413304238.31371 
235 0.9945428821 0.1037521138 0.0109523739 13.8912788748 -0.0287343223 0.1714854072 0.9847675329 -0.6599907490 0.1002935408 -0.9797082494 0.1735308378 1.6205109745 1413304238.48040 
236 0.9805560418 0.1940348893 0.0293310535 13.6698434831 -0.0636322649 0.1729921906 0.9828655233 -1.1706387752 0.1856361598 -0.9656211285 0.1819754172 2.9213872173 1413304238.64710 
237 0.9575317502 0.2874470144 0.0225202393 13.3141216044 -0.0683611333 0.1504533021 0.9862507588 -1.2371614148 0.2801065918 -0.9459059244 0.1637140174 4.3670962865 1413304238.81379 
238 0.9265073630 0.3759806096 0.0149227170 12.8122428342 -0.0650274188 0.1209291065 0.9905289425 -1.1919964906 0.3706150848 -0.9187027443 0.1364907561 5.7602052347 1413304238.98048 
239 0.8994644637 0.4369624917 -0.0052401711 12.3601113891 -0.0470752580 0.1088096496 0.9929473200 -0.9669831354 0.4344509162 -0.8928741462 0.1184405352 6.7655229175 1413304239.14718 
240 0.8851161288 0.4648980790 -0.0209574486 12.1034891610 -0.0393845132 0.1197041857 0.9920281085 -0.8988364315 0.4637006563 -0.8772346801 0.1242618900 7.2729082771 1413304239.31387 
241 0.8722142854 0.4871552552 -0.0438405948 11.8833162806 -0.0260657379 0.1357972782 0.9903936977 -0.7412229489 0.4884289280 -0.8626927938 0.1311423872 7.7130086924 1413304239.48056 
242 0.8522886650 0.5225056583 -0.0243283471 11.5564232950 -0.0434620591 0.1170897811 0.9921698607 -0.9743668741 0.5212629671 -0.8445577661 0.1225034650 8.2729886809 1413304239.64726 
243 0.7983503366 0.6021535259 -0.0069189122 10.7122548958 -0.0567756086 0.0867029391 0.9946150666 -1.1368802305 0.5995108593 -0.7936584477 0.1034069535 9.4594035780 1413304239.81395 
244 0.7283290847 0.6852185072 0.0035130873 9.6199212393 -0.0699297155 0.0692272715 0.9951469338 -1.3244316261 0.6816498949 -0.7250401246 0.0983373705 10.6830317391 1413304239.98064 
245 0.6804372836 0.7323416144 -0.0260933479 8.8676293055 -0.0664580870 0.0971303111 0.9930503640 -1.3330126440 0.7297865618 -0.6739743782 0.1147611077 11.4123372720 1413304240.14734 
246 0.6416490178 0.7667083902 -0.0210898628 8.2366859216 -0.1013976716 0.1120496126 0.9885157543 -1.8626129985 0.7602664337 -0.6321416998 0.1496389694 11.8921447414 1413304240.31403 
247 0.6329187991 0.7729773510 -0.0438156200 8.0644759280 -0.1064992886 0.1429783948 0.9839792072 -1.9762720139 0.7668583280 -0.6181126058 0.1728152519 12.0663825172 1413304240.48072 
248 0.6267702595 0.7774274950 -0.0525883239 7.9079907542 -0.1012325590 0.1481608141 0.9837684393 -1.9226141170 0.7726001623 -0.6112731494 0.1715637666 12.2373055404 1413304240.64742 
249 0.6418651503 0.7644135263 -0.0606719848 8.0842885335 -0.0919723578 0.1552948026 0.9835774549 -1.8270990976 0.7612819545 -0.6257439454 0.1699832361 12.1810057341 1413304240.81411 
250 0.7132269188 0.6960028561 -0.0829902801 9.1904504306 -0.0454526878 0.1640750647 0.9854001351 -1.1863338781 0.6994579440 -0.6990417709 0.1486579534 11.4835302412 1413304240.98080 
251 0.7964681879 0.5980893030 -0.0890371344 10.5256245909 -0.0355535752 0.1933115683 0.9804930295 -1.1090245711 0.6036343007 -0.7777659180 0.1752307275 10.3009173840 1413304241.14750 
252 0.8433464265 0.5317650207 -0.0774129680 11.2835699625 -0.0160530396 0.1689253777 0.9854981059 -0.7915663734 0.5371304355 -0.8298735925 0.1509990585 9.5306484817 1413304241.31419 
253 0.8605314143 0.5093889595 -0.0029279534 11.5202145501 -0.0590101512 0.1053941260 0.9926781353 -1.3037165793 0.5059678715 -0.8540579407 0.1207540759 9.2521404458 1413304241.48088 
254 0.8549690905 0.5184034883 0.0169020003 11.3758270863 -0.0951203464 0.1246752309 0.9876275647 -1.8938430564 0.5098823139 -0.8459987648 0.1559041882 9.4111917522 1413304241.64758 
255 0.8638508727 0.5032246905 -0.0229473419 11.5097842976 -0.0766283367 0.1762927073 0.9813505894 -1.7651273100 0.4978852957 -0.8459821465 0.1908518801 9.3296730089 1413304241.81427 
256 0.8512692209 0.5231783289 -0.0403131448 11.2348991980 -0.0670152405 0.1845950829 0.9805272117 -1.6621530097 0.5204321964 -0.8319910405 0.1922010339 9.7264522492 1413304241.98096 
257 0.8168814526 0.5753875605 -0.0404208811 10.5355057561 -0.0676338997 0.1651424691 0.9839479765 -1.6345334608 0.5728266300 -0.8010350305 0.1738175246 10.5301635117 1413304242.14766 
258 0.7451668184 0.6666791755 -0.0162877171 9.1562838234 -0.0731515229 0.1059912688 0.9916726807 -1.5798106028 0.6628538809 -0.7377701051 0.1277497735 11.8005182050 1413304242.31435 
259 0.6702071732 0.7419720987 -0.0173132840 7.7595212340 -0.0662483670 0.0830428097 0.9943415136 -1.4488558033 0.7392114034 -0.6652678382 0.1048103266 12.8111983519 1413304242.48104 
260 0.6424789699 0.7649907076 -0.0448329190 7.2174333809 -0.0564982155 0.1056339403 0.9927987824 -1.4002769247 0.7642177209 -0.6353193591 0.1110881950 13.1614240485 1413304242.64774 
261 0.6358144935 0.7710133078 -0.0357548463 7.0350608677 -0.0672037306 0.1014486161 0.9925683034 -1.5574080151 0.7689106505 -0.6286864541 0.1163174710 13.2776768492 1413304242.81443 
262 0.6219872209 0.7816101573 -0.0470899038 6.7351716843 -0.0799938792 0.1232506644 0.9891462243 -1.8109971952 0.7789305979 -0.6114694071 0.1391843667 13.4434037989 1413304242.98112 
263 0.5988618534 0.8007660860 -0.0117539840 6.2528301232 -0.0903962704 0.0821723430 0.9925100606 -1.8245637015 0.7957342489 -0.5933138981 0.1215961492 13.7457479225 1413304243.14782 
264 0.5133256612 0.8562386090 0.0578982733 4.6983631380 -0.1343772744 0.0135610866 0.9908374463 -2.2524124236 0.8476081133 -0.5164024995 0.1220202643 14.3852863036 1413304243.31451 
265 0.4312397562 0.9002558065 0.0597641654 3.2382399911 -0.1472769889 0.0048874554 0.9890832125 -2.4437409535 0.8901358105 -0.4353338897 0.1346946295 14.8461060901 1413304243.48120 
266 0.3951005972 0.9185720745 0.0109937303 2.5811789865 -0.1125142599 0.0365109149 0.9929791007 -2.0707403146 0.9117214813 -0.3935635871 0.1177779414 15.0965408592 1413304243.64790 
267 0.2789377441 0.9602755895 -0.0080328788 0.6534760290 -0.0921174545 0.0350824216 0.9951299404 -1.7798227726 0.9558808030 -0.2768393323 0.0982439545 15.3903470310 1413304243.81459 
268 0.1065119800 0.9942322942 -0.0125436518 -2.0895422247 -0.1068664401 0.0239891068 0.9939839469 -1.9653504351 0.9885518510 -0.1045307029 0.1088051932 15.2759588767 1413304243.98128 
269 -0.0776711330 0.9969773123 -0.0018530785 -4.9195530337 -0.1150603955 -0.0071176617 0.9933329977 -1.9692547075 0.9903172726 0.0773665153 0.1152654407 14.6498575796 1413304244.14798 
270 -0.3317712309 0.9432196316 0.0162658225 -8.6147321327 -0.0897741081 -0.0487322403 0.9947692085 -1.4243928020 0.9390785164 0.3285755550 0.1008446565 12.9369489295 1413304244.31467 
271 -0.5528687800 0.8322341311 0.0415025683 -11.5784042071 -0.1362236396 -0.1394083157 0.9808202901 -1.7544838516 0.8220579250 0.5366112863 0.1904444678 10.3309413087 1413304244.48136 
272 -0.6982193625 0.7153926385 0.0265159313 -13.3441252328 -0.1292463201 -0.1624014330 0.9782234731 -1.5468581163 0.7041200967 0.6795874832 0.2058536910 7.9579046429 1413304244.64806 
273 -0.7920393102 0.6099837435 -0.0243631647 -14.3376722364 -0.1287847497 -0.1279447727 0.9833842705 -1.6751236292 0.5967312790 0.7820166033 0.1798938933 5.9144518776 1413304244.81475 
274 -0.8681946686 0.4956831163 -0.0231574102 -15.0124697394 -0.1042340622 -0.1365434437 0.9851350914 -1.2623582163 0.4851528395 0.8577028251 0.1702133546 3.9109868109 1413304244.98144 
275 -0.9029959156 0.4290977436 -0.0217601203 -15.2446500874 -0.1080784952 -0.1778399668 0.9781063261 -1.1420921773 0.4158333984 0.8855778185 0.2069650021 2.7208386925 1413304245.14814 
276 -0.9382408922 0.3459619443 0.0037896176 -15.4153225502 -0.0775379100 -0.2209304077 0.9722024622 -0.5029141699 0.3371822958 0.9118662665 0.2341111090 1.3955588036 1413304245.31483 
277 -0.9638602225 0.2662931678 0.0078371146 -15.4575406207 -0.0521290111 -0.2173690331 0.9746965013 -0.1412406322 0.2612585650 0.9390626455 0.2233949641 0.1311524693 1413304245.48152 
278 -0.9828049228 0.1843858472 0.0098154533 -15.3987407322 -0.0265158553 -0.1935412074 0.9807337612 0.1359979967 0.1827331201 0.9636097034 0.1951023998 -1.1413052562 1413304245.64822 
279 -0.9959034092 0.0903982273 0.0021354409 -15.2141324688 -0.0118081081 -0.1534293462 0.9880890670 0.1820594724 0.0896491393 0.9840160549 0.1538682410 -2.6084671876 1413304245.81491 
280 -0.9998450195 -0.0011342916 -0.0175684502 -14.9052644746 -0.0172865040 -0.1257151744 0.9919157584 -0.0214361652 -0.0033337425 0.9920657278 0.1256760830 -4.0303794024 1413304245.98160 
281 -0.9958947119 -0.0895248174 -0.0133802028 -14.5002726036 -0.0041643060 -0.1023471837 0.9947400226 0.0787610949 -0.0904233450 0.9907120475 0.1015542103 -5.3326346169 1413304246.14830 
282 -0.9899281909 -0.1411139746 -0.0113588301 -14.2102802340 0.0030626804 -0.1015624120 0.9948244551 0.1836464436 -0.1415372631 0.9847699846 0.1009716817 -6.0833425261 1413304246.31499 
283 -0.9838539602 -0.1788316462 0.0071152811 -13.9781038241 0.0191079354 -0.0654284913 0.9976742952 0.2715153674 -0.1779501945 0.9817017647 0.0677891839 -6.6192481472 1413304246.48168 
284 -0.9819601888 -0.1887376203 -0.0115021027 -13.9151488688 0.0037563846 -0.0802887552 0.9967645687 0.0980812541 -0.1890504622 0.9787399177 0.0795493323 -6.7839724613 1413304246.64838 
285 -0.9795815551 -0.2010342868 0.0022786912 -13.8385424823 0.0178713319 -0.0757813682 0.9969642921 0.2911327896 -0.2002513231 0.9766485549 0.0778267810 -6.9476792159 1413304246.81507 
286 -0.9811918793 -0.1929999363 -0.0036770377 -13.8996490269 0.0100331005 -0.0700115573 0.9974957237 0.1474428674 -0.1927740463 0.9786978116 0.0706311592 -6.8459273252 1413304246.98176 
287 -0.9824976644 -0.1862673144 0.0016813719 -13.9520411418 0.0130642437 -0.0598998267 0.9981188989 0.1472555036 -0.1858162129 0.9806714528 0.0612848815 -6.7500602185 1413304247.14846 
288 -0.9840152447 -0.1780840678 0.0002511254 -14.0070701819 0.0086473360 -0.0463728434 0.9988867718 0.0234123548 -0.1778741742 0.9829219828 0.0471715376 -6.6418138866 1413304247.31515 
289 -0.9853630500 -0.1703723041 -0.0057391453 -14.0571674363 0.0020383317 -0.0454399088 0.9989649943 -0.0815185039 -0.1704567540 0.9843314953 0.0451220824 -6.5368180544 1413304247.48184 
290 -0.9857549667 -0.1681742652 -0.0021359059 -14.0699669303 0.0036173830 -0.0338964929 0.9994188023 -0.1059799434 -0.1681489224 0.9851743218 0.0340219870 -6.5060203939 1413304247.64854 
291 -0.9850341167 -0.1712153006 -0.0198269946 -14.0395726148 -0.0126256984 -0.0430469150 0.9989932707 -0.3117588162 -0.1718964241 0.9842927837 0.0402409672 -6.5618116376 1413304247.81523 
292 -0.9791788386 -0.2020411682 -0.0197019920 -13.8201272434 -0.0107594076 -0.0452644008 0.9989170982 -0.2755904277 -0.2027141763 0.9783304658 0.0421481001 -7.0013248441 1413304247.98192 
293 -0.9740169072 -0.2252591155 -0.0234391845 -13.6430082090 -0.0116176783 -0.0536626996 0.9984915344 -0.2546974896 -0.2261771298 0.9728199451 0.0496513887 -7.3340001709 1413304248.14862 
294 -0.9671953168 -0.2532437925 -0.0200200074 -13.4269987973 -0.0065241047 -0.0540201390 0.9985185329 -0.1770182104 -0.2539501037 0.9658930614 0.0505958364 -7.7207297989 1413304248.31531 
295 -0.9640838334 -0.2627179375 -0.0390083008 -13.3401665197 -0.0198746544 -0.0750979855 0.9969780793 -0.2906642664 -0.2648534695 0.9619457250 0.0671793255 -7.8696943100 1413304248.48200 
296 -0.9647313678 -0.2592657853 -0.0455482216 -13.3743142964 -0.0222672426 -0.0920354897 0.9955067245 -0.2554666311 -0.2622928855 0.9614107973 0.0830163898 -7.8244288659 1413304248.64870 
297 -0.9620623347 -0.2668988238 -0.0565781058 -13.3161969230 -0.0265244646 -0.1148944798 0.9930235200 -0.2265138944 -0.2715373215 0.9568512300 0.1034563031 -7.9395985302 1413304248.81539 
298 -0.9594284559 -0.2783662213 -0.0448250462 -13.2502533921 -0.0080257323 -0.1319539302 0.9912233593 0.1234904152 -0.2818379420 0.9513676509 0.1243662627 -8.0567430015 1413304248.98208 
299 -0.9574400610 -0.2820355023 -0.0613555624 -13.2163071234 -0.0189023948 -0.1508479254 0.9883762456 0.0365109637 -0.2880125502 0.9474707799 0.1390967005 -8.1047522669 1413304249.14878 
300 -0.9602761668 -0.2705426315 -0.0683839755 -13.3147670463 -0.0281901956 -0.1497544536 0.9883212618 -0.1151707141 -0.2776238398 0.9509891104 0.1361789829 -7.9250023452 1413304249.31547 
301 -0.9634410901 -0.2640178725 -0.0455612659 -13.4049219983 -0.0039136898 -0.1561685398 0.9877226687 0.2687525141 -0.2678916739 0.9517909173 0.1494259042 -7.7374179633 1413304249.48216 
302 -0.9694111469 -0.2415491743 -0.0435433646 -13.5926694469 -0.0019881747 -0.1696737422 0.9854982843 0.3478113550 -0.2454344625 0.9554395939 0.1640033750 -7.3467548660 1413304249.64886 
303 -0.9759285192 -0.2159257428 -0.0306528807 -13.8038723850 0.0033126111 -0.1552112710 0.9878757452 0.3648113122 -0.2180654767 0.9639945720 0.1521903839 -6.8720561811 1413304249.81555 
304 -0.9793475548 -0.2003999882 -0.0267994712 -13.9223467547 0.0025636371 -0.1448475446 0.9894506641 0.2914100441 -0.2021677390 0.9689473843 0.1423698414 -6.5360936277 1413304249.98224 
305 -0.9826691823 -0.1852962764 -0.0051544218 -14.0347407752 0.0200795019 -0.1340467429 0.9907715601 0.4860756696 -0.1842772143 0.9734971806 0.1354442602 -6.1761627963 1413304250.14894 
306 -0.9885391686 -0.1490382261 -0.0240399523 -14.2580781079 0.0011420377 -0.1666205626 0.9860204277 0.3010154731 -0.1509602858 0.9746923593 0.1648811597 -5.5991491114 1413304250.31563 
307 -0.9879974113 -0.1524907825 -0.0246510957 -14.2551011716 0.0028880074 -0.1777917120 0.9840639037 0.3548826014 -0.1544434353 0.9721813968 0.1760981458 -5.5490858235 1413304250.48232 
308 -0.9774968928 -0.2064533796 -0.0433223565 -13.9376046719 -0.0089245985 -0.1647109766 0.9863014984 0.1251281855 -0.2107609453 0.9644932847 0.1591619543 -6.2445762984 1413304250.64902 
309 -0.9574527764 -0.2866849893 -0.0331043497 -13.4268091676 0.0065268996 -0.1361926283 0.9906608742 0.2553652354 -0.2885161705 0.9482949356 0.1322691742 -7.2177808399 1413304250.81571 
310 -0.9392269518 -0.3423883340 -0.0249592011 -13.0328774377 0.0331530248 -0.1628280231 0.9860973136 0.7058332591 -0.3416922738 0.9253417010 0.1642836768 -7.8220379169 1413304250.98240 
311 -0.9280729557 -0.3708700051 -0.0337050192 -12.8279781014 0.0240301927 -0.1499603904 0.9883999348 0.4967377794 -0.3716223067 0.9164973108 0.1480862605 -8.1293177290 1413304251.14910 
312 -0.9301832854 -0.3611973816 -0.0655401184 -12.9125110665 0.0016893074 -0.1827468758 0.9831585455 0.2417393803 -0.3670915442 0.9144069285 0.1705982627 -7.9586877325 1413304251.31579 
313 -0.9331019914 -0.3483152615 -0.0894267985 -13.0076623126 -0.0187115608 -0.2013124324 0.9793483456 -0.0216852561 -0.3591247014 0.9155052065 0.1813275093 -7.7357650629 1413304251.48248 
314 -0.9352903989 -0.3429519481 -0.0872687288 -13.0677292819 -0.0230186323 -0.1871241534 0.9820665424 -0.1281535412 -0.3531317209 0.9205262150 0.1671211393 -7.5228170068 1413304251.64918 
315 -0.9343232428 -0.3525230737 -0.0526076077 -13.0332246917 0.0032095864 -0.1559125709 0.9877656447 0.1635408556 -0.3564123686 0.9227235516 0.1468041921 -7.4096587140 1413304251.81587 
316 -0.9416688529 -0.3362859135 -0.0130979321 -13.1775849297 0.0318651736 -0.1278382392 0.9912830047 0.4890271688 -0.3350289273 0.9330429620 0.1310970970 -6.9489800730 1413304251.98256 
317 -0.9475170739 -0.3186404379 -0.0260704047 -13.2964586714 0.0197542997 -0.1397405948 0.9899910776 0.3033414543 -0.3190942844 0.9375184465 0.1387011182 -6.5852040052 1413304252.14926 
318 -0.9423784807 -0.3338629933 -0.0214079616 -13.1949237058 0.0298674941 -0.1476953315 0.9885818236 0.4511079844 -0.3332127427 0.9309788348 0.1491565531 -6.6404651114 1413304252.31595 
319 -0.9297418260 -0.3670578343 -0.0291321686 -12.9583712806 0.0187952799 -0.1263243995 0.9918109112 0.2383787585 -0.3677320688 0.9215805404 0.1243480326 -6.9686488181 1413304252.48264 
320 -0.9339957219 -0.3558838921 0.0316013746 -13.0706547558 0.0525817815 -0.0494323809 0.9973923982 0.5902300122 -0.3533937574 0.9332218895 0.0648826413 -6.6052514786 1413304252.64934 
321 -0.9185658627 -0.3936406041 0.0358305834 -12.8048312853 0.0537357635 -0.0345555123 0.9979571054 0.5569234320 -0.3915982937 0.9186147132 0.0528940924 -6.9855280256 1413304252.81603 
322 -0.9112655763 -0.4118070970 0.0031566249 -12.6742416808 0.0332196646 -0.0658655779 0.9972753780 0.2818677238 -0.4104771654 0.9088875841 0.0737011274 -7.1086462065 1413304252.98272 
323 -0.8915437835 -0.4529191898 -0.0037268858 -12.3432790058 0.0905582431 -0.1863084768 0.9783089267 1.2521791857 -0.4437892369 0.8718677417 0.2071177304 -7.4283456043 1413304253.14942 
324 -0.8750702833 -0.4837000071 -0.0169204744 -12.0799999445 0.1158599058 -0.2432915492 0.9630086730 1.6592887197 -0.4699239104 0.8407398677 0.2689386421 -7.6158716453 1413304253.31611 
325 -0.8933017477 -0.4483416554 -0.0316503970 -12.3802195639 0.0791001620 -0.2261421976 0.9708773717 1.0686593108 -0.4424422583 0.8647829014 0.2374771179 -7.0768913330 1413304253.48280 
326 -0.9177367227 -0.3970540341 -0.0103634817 -12.7813908491 0.0740715046 -0.1967240295 0.9776569278 0.9230924019 -0.3902213730 0.8964640262 0.2099512558 -6.2044859595 1413304253.64950 
327 -0.9205971168 -0.3900688707 -0.0186339623 -12.8205716477 0.0627015397 -0.1947417148 0.9788483955 0.7262729808 -0.3854470981 0.8999566326 0.2037365800 -5.9940606550 1413304253.81619 
328 -0.9075901985 -0.4184436348 -0.0344231902 -12.6064331631 0.0661278841 -0.2234295865 0.9724743302 0.7725904134 -0.4146168527 0.8803318376 0.2304532950 -6.2527685748 1413304253.98288 
329 -0.9014520695 -0.4325082490 -0.0179103574 -12.5114718410 0.0704775570 -0.1874637799 0.9797398865 0.8034199020 -0.4271031261 0.8819262700 0.1994717371 -6.2571218378 1413304254.14958 
330 -0.9081712321 -0.4180896284 -0.0206416029 -12.6019918689 0.0479105963 -0.1528051155 0.9870943073 0.4387125638 -0.4158480347 0.8954617017 0.1588041334 -5.9412270806 1413304254.31627 
331 -0.9103249767 -0.4131174996 -0.0253449857 -12.6288272681 0.0560500517 -0.1837172709 0.9813798225 0.5246794060 -0.4100814901 0.8919539763 0.1903976775 -5.7355122832 1413304254.48296 
332 -0.9191564864 -0.3935825175 -0.0156254755 -12.7620911617 0.0588797963 -0.1765127545 0.9825357078 0.5457252054 -0.3894669731 0.9021840441 0.1854169017 -5.3378100721 1413304254.64966 
333 -0.9355467440 -0.3531957965 -0.0022403502 -12.9968736403 0.0658468167 -0.1806401059 0.9813426256 0.6365499289 -0.3470107874 0.9179443782 0.1922540818 -4.6386500949 1413304254.81635 
334 -0.9599692958 -0.2801024552 -0.0012513259 -13.3240574031 0.0493408453 -0.1734954377 0.9835978925 0.4015664089 -0.2757252839 0.9441620347 0.1803707850 -3.5215421775 1413304254.98304 
335 -0.9751712991 -0.2207751608 0.0172992991 -13.5147724588 0.0540796549 -0.1616614456 0.9853633685 0.4369826018 -0.2147471265 0.9618336163 0.1695870464 -2.5494721932 1413304255.14974 
336 -0.9855843854 -0.1658337346 0.0335051002 -13.6248498369 0.0619229981 -0.1692905756 0.9836189523 0.5137868369 -0.1574451066 0.9715142168 0.1771190699 -1.6434489614 1413304255.31643 
337 -0.9859366649 -0.1655510050 0.0228420124 -13.6143730779 0.0540290180 -0.1864171235 0.9809839557 0.3797171600 -0.1581447375 0.9684221811 0.1927400352 -1.5444492342 1413304255.48312 
338 -0.9775014113 -0.2105982657 0.0118051408 -13.5122457156 0.0508951932 -0.1811786636 0.9821323593 0.3294829409 -0.2046965319 0.9606365922 0.1878208388 -2.0545181726 1413304255.64982 
339 -0.9545076117 -0.2974129494 0.0214652448 -13.2651352315 0.0636761612 -0.1329757659 0.9890716820 0.5294845387 -0.2913083688 0.9454432734 0.1458644956 -3.1014641230 1413304255.81651 
340 -0.9105602052 -0.4103219144 0.0501601361 -12.7825397659 0.1207747250 -0.1480212752 0.9815819721 1.2616798849 -0.3953398266 0.8998475586 0.1843387991 -4.4319634107 1413304255.98320 
341 -0.8264733622 -0.5594202883 0.0631721657 -11.7908824114 0.1564426772 -0.1204226469 0.9803183538 1.7449908918 -0.5408026168 0.8200898287 0.1870433175 -6.3818459821 1413304256.14990 
342 -0.6969679581 -0.7160726182 0.0384144625 -10.1847466381 0.1579497861 -0.1010411441 0.9822639932 1.7675580865 -0.6994909081 0.6906740857 0.1835259567 -8.5826752065 1413304256.31659 
343 -0.5062320829 -0.8623970491 0.0006387889 -7.7501730474 0.1430283776 -0.0832279884 0.9862129512 1.5727286760 -0.8504539738 0.4993440014 0.1654799287 -10.7405004747 1413304256.48328 
344 -0.3230488872 -0.9460957348 -0.0232868420 -5.3676595230 0.1400636017 -0.0721316199 0.9875116287 1.5356933965 -0.9359602577 0.3157528938 0.1558156157 -12.0064769238 1413304256.64998 
345 -0.1656136856 -0.9861497917 -0.0089830630 -3.3121803244 0.1018438253 -0.0261623491 0.9944563172 1.0687175945 -0.9809179081 0.1637807064 0.1047661102 -12.6738009757 1413304256.81667 
346 -0.0938138494 -0.9955533773 0.0085108562 -2.3679468987 0.0610101684 0.0027837482 0.9981332627 0.5458870930 -0.9937186327 0.0941579724 0.0604777251 -12.8240758282 1413304256.98336 
347 -0.0141447138 -0.9993125364 0.0342692539 -1.3428145070 0.0910677522 0.0328427414 0.9953029784 0.9596117753 -0.9957442400 0.0171990997 0.0905405952 -12.8579989142 1413304257.15006 
348 0.0583940112 -0.9978591066 0.0294506837 -0.4124047436 0.1112502280 0.0358218844 0.9931466052 1.2277116939 -0.9920753632 -0.0547174187 0.1131038367 -12.8034526773 1413304257.31675 
349 0.0972789330 -0.9951513894 0.0145093559 0.0742025587 0.0761480717 0.0219778788 0.9968542742 0.7654356921 -0.9923398009 -0.0958680607 0.0779168439 -12.7353081368 1413304257.48344 
350 0.1399920701 -0.9901525996 -0.0002230769 0.6032555779 0.0713616669 0.0098647120 0.9974017245 0.6718756730 -0.9875777098 -0.1396442513 0.0720399214 -12.6141414491 1413304257.65014 
351 0.1776148814 -0.9839217186 -0.0187351407 1.0760037053 0.0947683981 -0.0018482267 0.9954976317 0.9242820522 -0.9795263675 -0.1785906931 0.0929164126 -12.4756814667 1413304257.81683 
352 0.1631822573 -0.9865746887 -0.0064756824 0.8792148460 0.1069761858 0.0111684393 0.9941988542 1.0855100858 -0.9807791018 -0.1629283570 0.1073624883 -12.4000662120 1413304257.98352 
353 0.1307746660 -0.9913586927 -0.0102921863 0.4629584210 0.1254644032 0.0062509256 0.9920784291 1.3177656991 -0.9834412388 -0.1310300283 0.1251976895 -12.3091647075 1413304258.15022 
354 0.0917662791 -0.9953935287 0.0277609992 -0.0290040394 0.1103666635 0.0378737678 0.9931690578 1.1650260044 -0.9896454666 -0.0880755401 0.1133337974 -12.2352683350 1413304258.31691 
355 0.0889337967 -0.9940429450 0.0630032003 -0.0633797046 0.1016379437 0.0719804947 0.9922139572 1.0785318411 -0.9908382856 -0.0818378386 0.1074339796 -12.1380079990 1413304258.48360 
356 0.0394602788 -0.9990183225 0.0201315125 -0.6634066255 0.0955981271 0.0238292890 0.9951347462 0.9276420260 -0.9946375644 -0.0373437596 0.0964445909 -12.0534487312 1413304258.65030 
357 0.0219772988 -0.9996747301 -0.0129395611 -0.8742884174 0.1272728493 -0.0100398279 0.9918169305 1.2630299842 -0.9916242334 -0.0234443118 0.1270108030 -11.9304526522 1413304258.81699 
358 0.0511882685 -0.9985912734 -0.0139724644 -0.5291263106 0.1114840065 -0.0081897556 0.9937324812 1.0851253757 -0.9924470149 -0.0524251514 0.1109077366 -11.8716442325 1413304258.98368 
359 0.1193373311 -0.9923054540 0.0329922323 0.2616924736 0.0856527352 0.0433952693 0.9953795555 0.8315803229 -0.9891522685 -0.1159600647 0.0901723519 -11.7937299556 1413304259.15038 
360 0.1274763252 -0.9910165031 0.0404484500 0.3416027163 0.0435488557 0.0463342852 0.9979762678 0.3081212797 -0.9908851012 -0.1254568635 0.0490641591 -11.7158436217 1413304259.31707 
361 0.0745771873 -0.9971705430 0.0094419954 -0.2687017012 0.0763691289 0.0151515997 0.9969644854 0.6342813996 -0.9942866786 -0.0736297302 0.0772830094 -11.6337184171 1413304259.48376 
362 0.1218725944 -0.9919204405 -0.0352265596 0.2999442348 0.1059886391 -0.0222822653 0.9941176535 0.9426930636 -0.9868705483 -0.1248893127 0.1024167001 -11.5486521466 1413304259.65046 
363 0.0291613171 -0.9990458224 -0.0325124945 -0.7723849003 0.0823802038 -0.0300136096 0.9961489273 0.6696109812 -0.9961742416 -0.0317274007 0.0814263621 -11.4635214882 1413304259.81715 
364 -0.0050533838 -0.9998987003 -0.0133061025 -1.1597275977 0.0525726431 -0.0135535203 0.9985251220 0.3286270416 -0.9986043163 0.0043463937 0.0526358086 -11.3531273302 1413304259.98384 
365 -0.0490435877 -0.9987685438 -0.0074914963 -1.6463593459 0.0461544132 -0.0097587511 0.9988866487 0.2334049580 -0.9977296711 0.0486432193 0.0465761802 -11.2109405784 1413304260.15054 
366 -0.0460133348 -0.9989408224 0.0000791708 -1.6018987646 0.0678287759 -0.0030452655 0.9976923291 0.4783539334 -0.9966353547 0.0459125212 0.0678970561 -11.1384467538 1413304260.31723 
367 -0.0057774190 -0.9998389523 -0.0169909053 -1.1348201623 0.0534860788 -0.0172758389 0.9984191428 0.3102854597 -0.9985518819 0.0048595088 0.0535772747 -11.1237770443 1413304260.48392 
368 0.0425004603 -0.9989514396 -0.0170215236 -0.5968319419 0.0039440988 -0.0168690313 0.9998499287 -0.2335451686 -0.9990886622 -0.0425612168 0.0032230216 -11.0737060455 1413304260.65062 
369 0.0749899679 -0.9961900347 0.0445187540 -0.2572402694 -0.0664255593 0.0395549639 0.9970070461 -0.9571574401 -0.9949694215 -0.0777227095 -0.0632062548 -10.9479494933 1413304260.81731 
370 0.0688758852 -0.9972035453 0.0290034766 -0.3249748125 -0.0544421487 0.0252721062 0.9981970613 -0.8643864391 -0.9961386273 -0.0703307178 -0.0525492650 -10.8718475331 1413304260.98400 
371 0.0770006322 -0.9970219934 0.0042482112 -0.2054670471 -0.0451447900 0.0007699943 0.9989801575 -0.7920082769 -0.9960084591 -0.0771138883 -0.0449510585 -10.8296857255 1413304261.15070 
372 0.0565354474 -0.9983998113 0.0012489768 -0.3858254964 0.0172454281 0.0022273301 0.9998488057 -0.1038650917 -0.9982516408 -0.0565053604 0.0173437552 -10.8062801217 1413304261.31739 
373 0.0332730736 -0.9969942741 0.0699665629 -0.5753034010 -0.0281604013 0.0690423292 0.9972161995 -0.5043343085 -0.9990494955 -0.0351507345 -0.0257785083 -10.7281900022 1413304261.48408 
374 -0.0103386554 -0.9988110339 0.0476406421 -0.9201559616 0.0010274107 0.0476325527 0.9988643974 -0.1915716113 -0.9999460269 0.0103758613 0.0005337326 -10.6323828534 1413304261.65078 
375 -0.0307887766 -0.9994237142 -0.0142930329 -0.9932575075 0.0394687165 -0.0155043049 0.9991005139 0.1585743913 -0.9987463500 0.0301969549 0.0399233298 -10.5385887655 1413304261.81747 
376 0.0050665715 -0.9999588692 -0.0075226189 -0.5094141773 0.0384422610 -0.0073223872 0.9992339942 0.1223303712 -0.9992479784 -0.0053518770 0.0384035804 -10.4959635103 1413304261.98416 
377 0.0370127313 -0.9983087590 -0.0448294475 -0.0865476235 0.0394348820 -0.0433661202 0.9982806568 0.1013334803 -0.9985364028 -0.0387169377 0.0377630895 -10.4358675188 1413304262.15086 
378 0.0927952982 -0.9954231091 -0.0228443960 0.5467611028 0.0321778166 -0.0199333075 0.9992833689 0.0526014484 -0.9951651224 -0.0934638810 0.0301808250 -10.3484231238 1413304262.31755 
379 0.1296214923 -0.9911484953 -0.0286867387 0.9728770606 0.0030602562 -0.0285307919 0.9995882296 -0.2393512165 -0.9915588251 -0.1296559068 -0.0006650355 -10.2314174931 1413304262.48424 
380 0.1439109468 -0.9888519838 -0.0382281762 1.1511496615 0.0028856141 -0.0382108021 0.9992655342 -0.2528189211 -0.9895864351 -0.1439155609 -0.0026455075 -10.1347539026 1413304262.65094 
381 0.1280538180 -0.9910139353 -0.0386471187 1.0050489792 0.0446811400 -0.0331636624 0.9984506834 0.1601921514 -0.9907602210 -0.1295822194 0.0400328988 -10.0885058177 1413304262.81763 
382 0.0761113544 -0.9967964053 -0.0245761690 0.4789218856 0.0560015340 -0.0203353047 0.9982235739 0.2812029482 -0.9955254341 -0.0773524513 0.0542743802 -10.0582215992 1413304262.98432 
383 0.0578390145 -0.9981650165 0.0179234008 0.2927070420 0.0530005695 0.0209982839 0.9983736834 0.2765404144 -0.9969180448 -0.0567949995 0.0541178344 -9.9800032838 1413304263.15102 
384 0.0987729163 -0.9951095392 -0.0009571027 0.7319924314 0.0456099805 0.0035663714 0.9989529572 0.1954258207 -0.9940642035 -0.0987131503 0.0457391876 -9.8550881156 1413304263.31771 
385 0.0760504528 -0.9966695592 0.0294298890 0.5182763462 0.0151383418 0.0306660830 0.9994150399 -0.1271510142 -0.9969890467 -0.0755604466 0.0174200939 -9.7737024673 1413304263.48440 
386 0.0517491456 -0.9983238146 0.0259149982 0.2797890904 0.0515537980 0.0285857124 0.9982610194 0.2234597922 -0.9973285476 -0.0503231383 0.0529466705 -9.6998943724 1413304263.65110 
387 0.0367310867 -0.9989824330 0.0261710893 0.1316613077 0.0601689024 0.0283520522 0.9977854801 0.3235354872 -0.9975121706 -0.0350750592 0.0611490782 -9.6090457622 1413304263.81779 
388 0.0172808616 -0.9996757944 0.0186996751 -0.0620361215 0.0436083395 0.0194382413 0.9988595835 0.1689849859 -0.9988992364 -0.0164456924 0.0439301110 -9.5088429102 1413304263.98448 
389 0.0030395905 -0.9996807870 0.0250815678 -0.2039741689 0.0360888674 0.0251750063 0.9990314373 0.0788511338 -0.9993439621 -0.0021314811 0.0361538690 -9.3956250669 1413304264.15118 
390 0.0005817353 -0.9998429037 0.0177152354 -0.2189304891 0.0273871068 0.0177245230 0.9994677522 -0.0283122762 -0.9996247336 -0.0000962567 0.0273931153 -9.2991498325 1413304264.31787 
391 -0.0164738076 -0.9998627074 0.0017832674 -0.3646404835 0.0441313846 0.0010546619 0.9990251792 0.1175073930 -0.9988899011 0.0165364467 0.0441079514 -9.2040546235 1413304264.48456 
392 -0.0287324447 -0.9995732425 0.0052706258 -0.4591129572 0.0335794506 0.0043046219 0.9994267811 0.0395801227 -0.9990229563 0.0288929595 0.0334414380 -9.1061121644 1413304264.65126 
393 -0.0246536300 -0.9995104004 0.0192654617 -0.3863693164 0.0219517482 0.0187254183 0.9995836531 -0.0602891067 -0.9994550111 0.0250662761 0.0214793511 -8.9946387650 1413304264.81795 
394 -0.0135846185 -0.9998781691 0.0076879817 -0.2427983075 -0.0089789956 0.0078103650 0.9999291854 -0.3614205315 -0.9998674091 0.0135146261 -0.0090840025 -8.8796187037 1413304264.98464 
395 -0.0367249887 -0.9991984451 0.0159292971 -0.4254115011 -0.0054561098 0.0161402979 0.9998548503 -0.3391560010 -0.9993105153 0.0366327461 -0.0060444887 -8.7815087826 1413304265.15134 
396 -0.0454394218 -0.9989670774 0.0001931287 -0.4845253194 0.0254361530 -0.0009637334 0.9996759842 -0.0526005696 -0.9986432101 0.0454296112 0.0254536709 -8.6837153305 1413304265.31803 
397 -0.0562712365 -0.9980356279 -0.0275396693 -0.5582854167 -0.0041229889 -0.0273508540 0.9996173927 -0.2880952417 -0.9984070056 0.0563632525 -0.0025758235 -8.5575232954 1413304265.48472 
398 -0.0507350122 -0.9977218391 -0.0444644839 -0.4966889862 0.0137593999 -0.0452158861 0.9988824768 -0.1449369419 -0.9986173629 0.0500665100 0.0160220823 -8.4378179965 1413304265.65142 
399 -0.0422488539 -0.9988819565 -0.0212101704 -0.4172772897 0.0177213651 -0.0219749934 0.9996014470 -0.1262115202 -0.9989499425 0.0418561424 0.0186299701 -8.3313997905 1413304265.81811 
400 -0.0517532499 -0.9984165478 -0.0220453671 -0.4797830974 0.0353058539 -0.0238903489 0.9990909608 0.0216871116 -0.9980356195 0.0509278737 0.0364863520 -8.2272706331 1413304265.98480 
401 -0.0771244753 -0.9968634157 -0.0177523455 -0.6623045833 0.0136379162 -0.0188585056 0.9997291453 -0.1353047098 -0.9969281933 0.0768614808 0.0150495921 -8.1055857423 1413304266.15150 
